 # nparam : 
 # nparam =           58
 # x_param() : 
 # x_param(           1 ) =   0.60657120290590616     
 # x_param(           2 ) =    1.0640833458240939     
 # x_param(           3 ) =   0.93380296898485682     
 # x_param(           4 ) =    1.5505873246751449     
 # x_param(           5 ) =   0.24377463862849019     
 # x_param(           6 ) =   0.89234260145424082     
 # x_param(           7 ) =   0.82616894988038536     
 # x_param(           8 ) =   0.87060322833961623     
 # x_param(           9 ) =   0.81536347076919147     
 # x_param(          10 ) =   0.77752274665379817     
 # x_param(          11 ) =   0.75126370978305201     
 # x_param(          12 ) =   0.77659828247425811     
 # x_param(          13 ) =   0.86528333442361582     
 # x_param(          14 ) =   0.85005277258645950     
 # x_param(          15 ) =   0.85559725997616387     
 # x_param(          16 ) =   0.96125857170167650     
 # x_param(          17 ) =   0.96678111117945398     
 # x_param(          18 ) =   0.96595492734624622     
 # x_param(          19 ) =   0.73860333589601268     
 # x_param(          20 ) =   0.95469251104755193     
 # x_param(          21 ) =    1.0930357052325737     
 # x_param(          22 ) =   0.70985206026716841     
 # x_param(          23 ) =   0.80128396975697092     
 # x_param(          24 ) =   0.86003649733304921     
 # x_param(          25 ) =   0.61033360593191677     
 # x_param(          26 ) =    1.0502201747129138     
 # x_param(          27 ) =   0.90223437876028478     
 # x_param(          28 ) =    1.2871221777883688     
 # x_param(          29 ) =   0.84468932247241812     
 # x_param(          30 ) =    1.1027941052057886     
 # x_param(          31 ) =    1.2529885158442711     
 # x_param(          32 ) =   0.80285742013897499     
 # x_param(          33 ) =   0.91159715820130049     
 # x_param(          34 ) =   0.79762364060817526     
 # x_param(          35 ) =   0.86328174285234915     
 # x_param(          36 ) =   0.87640162897095164     
 # x_param(          37 ) =   0.97372341881988600     
 # x_param(          38 ) =   0.85986308068333450     
 # x_param(          39 ) =   0.80422891729370072     
 # x_param(          40 ) =    1.0083894496825407     
 # x_param(          41 ) =   0.96829236633245575     
 # x_param(          42 ) =   0.93307781051107330     
 # x_param(          43 ) =   0.99973280923046381     
 # x_param(          44 ) =   0.95513015351315644     
 # x_param(          45 ) =   0.17284169094661644     
 # x_param(          46 ) =    3.5957133484956483     
 # x_param(          47 ) =    195.08761711562619     
 # x_param(          48 ) =    195.63332303822017     
 # x_param(          49 ) =    3.7531082190393410     
 # x_param(          50 ) =    2.2330967813197264     
 # x_param(          51 ) =    84.390808300883492     
 # x_param(          52 ) =    15.132507323943688     
 # x_param(          53 ) =   0.41959260643609697     
 # x_param(          54 ) =   0.33694523791510267     
 # x_param(          55 ) =    1.7339264964538275     
 # x_param(          56 ) =    2.9501425956512659E-002
 # x_param(          57 ) =   -1.9708597556396493E-002
 # x_param(          58 ) =    0.0000000000000000     
 # T0 : 
 # T0 =    2459546.6921026399     
 # nshp: 
 # nshp =           42
 # nbod : 
 # nbod =            2
 # file_SKY(           1 ) : 
 # file_SKY(           1 ) = -Sky1.dat
 # file_SKY(           2 ) : 
 # file_SKY(           2 ) = -Sky2.dat
 # file_RV(           1 ) : 
 # file_RV(           1 ) = -RV1.dat_gamma
 # file_RV(           2 ) : 
 # file_RV(           2 ) = -RV2.dat_gamma
 # file_TTV : 
 # file_TTV = -Omc12.dat
 # file_ECL : 
 # file_ECL = -Ecl12.dat
 # file_VIS : 
 # file_VIS = -Vis.dat_fake
 # file_CLO : 
 # file_CLO = -Clo.dat_fake
 # file_SYN : 
 # file_SYN = -Spectra.dat_norect_no4471
 # file_synth(           1 ) : 
 # file_synth(           1 ) = -1.syn
 # file_synth(           2 ) : 
 # file_synth(           2 ) = -2.syn
 # file_SED : 
 # file_SED = -Sed.dat
 # file_absol(           1 ) : 
 # file_absol(           1 ) = -1.abs
 # file_absol(           2 ) : 
 # file_absol(           2 ) = -2.abs
 # file_AO : 
 # file_AO = AO1.dat
 # file_AO2 : 
 # file_AO2 = AO2.dat
 # file_SKY2 : 
 # file_SKY2 = -Sky_differential.dat_minusuv
 # file_SKY3 : 
 # file_SKY3 = -Sky_angularvelocity.dat
 # file_OCC : 
 # file_OCC = -Occ.dat
 # nband : 
 # nband =            0
 # geometry : 
 # geometry =            4
 # m_min() : 
 # m_min(           1 ) =    0.0000000000000000       M_S
 # m_min(           2 ) =    0.0000000000000000       M_S
 # m_max() : 
 # m_max(           1 ) =    10.000000000000000       M_S
 # m_max(           2 ) =    10.000000000000000       M_S
 # use_hec88() : 
 # use_hec88(           1 ) =  F
 # use_hec88(           2 ) =  F
 # lightcurve_timestep : 
 # lightcurve_timestep =    1.0000000000000000E-003
 # approx_eclipse_duration : 
 # approx_eclipse_duration =   0.10000000000000001     
 # lambda1 lambda2 : 
 # lambda1 =    3.9900000000000001E-007  m =    399.00000000000000       nm
 # lambda2 =    6.7500000000000000E-007  m =    675.00000000000000       nm
 # lambda3 lambda4 : 
 # lambda3 =    3.2099999999999998E-007  m =    320.99999999999994       nm
 # lambda4 =    9.9800000000000002E-007  m =    998.00000000000000       nm
 # pyterpol_Delta(4) : 
 # pyterpol_Delta(           1 ) =    10.000000000000000     
 # pyterpol_Delta(           2 ) =    1.0000000000000000E-003
 # pyterpol_Delta(           3 ) =   0.10000000000000001     
 # pyterpol_Delta(           4 ) =    1.0000000000000000E-004
 # silh_factor : 
 # silh_factor =   0.40000000000000002     
 # spectral_slope : 
 # spectral_slope =   0.45000000000000001     
 # nsub : 
 # nsub =            3
 # use_planck : 
 # use_planck =  T
 # use_filters : 
 # use_filters =  F
 # use_limbdark : 
 # use_limbdark =  F
 # use_pyterpol : 
 # use_pyterpol =  F
 # use_vardist : 
 # use_vardist =  T
 # use_varpole : 
 # use_varpole =  F
 # use_multipole : 
 # use_multipole =  T
 # use_bruteforce : 
 # use_bruteforce =  F
 # use_oblat =  F
 # use_tides =  T
 # use_tides2 =  T
 # use_ppn =  F
 # use_polygon =  T
 # use_zero =  T
 # use_adam =  T
 # w_SKY w_RV w_TTV w_ECL w_VIS w_CLO w_T3 w_LC w_SYN w_SED w_AO w_AO2, w_SKY2 w_SKY3 w_OCC : 
 # w_SKY =    1.0000000000000000     
 # w_RV =    1.0000000000000000     
 # w_TTV =    1.0000000000000000     
 # w_ECL =    1.0000000000000000     
 # w_VIS =    1.0000000000000000     
 # w_CLO =    1.0000000000000000     
 # w_T3 =    1.0000000000000000     
 # w_LC =    1.0000000000000000     
 # w_SYN =    1.0000000000000000     
 # w_SED =    1.0000000000000000     
 # w_AO =    1.0000000000000000     
 # w_AO2 =    1.0000000000000000     
 # w_SKY2 =    1.0000000000000000     
 # w_SKY3 =    1.0000000000000000     
 # w_OCC =    1.0000000000000000     
 # eps_BS : 
 # eps_BS =    1.0000000000000000E-008
 # debug : 
 # debug =  T
 # debug_swift : 
 # debug_swift =  T
# x() array:  0.60657120290590616        1.0640833458240939       0.93380296898485682        1.5505873246751449       0.24377463862849019       0.89234260145424082       0.82616894988038536       0.87060322833961623       0.81536347076919147       0.77752274665379817       0.75126370978305201       0.77659828247425811       0.86528333442361582       0.85005277258645950       0.85559725997616387       0.96125857170167650       0.96678111117945398       0.96595492734624622       0.73860333589601268       0.95469251104755193        1.0930357052325737       0.70985206026716841       0.80128396975697092       0.86003649733304921       0.61033360593191677        1.0502201747129138       0.90223437876028478        1.2871221777883688       0.84468932247241812        1.1027941052057886        1.2529885158442711       0.80285742013897499       0.91159715820130049       0.79762364060817526       0.86328174285234915       0.87640162897095164       0.97372341881988600       0.85986308068333450       0.80422891729370072        1.0083894496825407       0.96829236633245575       0.93307781051107330       0.99973280923046381       0.95513015351315644       0.17284169094661644        3.5957133484956483        195.08761711562619        195.63332303822017        3.7531082190393410        2.2330967813197264        84.390808300883492        15.132507323943688       0.41959260643609697       0.33694523791510267        1.7339264964538275        2.9501425956512659E-002  -1.9708597556396493E-002   0.0000000000000000     
 # m_AO =            7
 # f = bruteforce.in
 # f_elem = sphere.1.ele
 # f_face = sphere.1.face
 # f_elem = sphere.1.ele
 # capm =    7.6808486705443400E+018  kg
 # unit =    76500.000000000000       m
 # P =   0.17284167583333299       day
 # Tmin =    2436258.0000000000       JD
 # pole_l =    195.06059999999999       deg
 # pole_b =    3.3321000000000001       deg
 # phi0 =    80.828846611412189       deg
 # f = 01_SRobj.pnm (         256 x         256 )
 # c  =  -0.67382393714591404       -8.5170942046293177E-002  pxl
 # c_ =   -2.0832515513309748E-002   2.8088874447172148E-003  pxl
 # f = 06_SRobj.pnm (         256 x         256 )
 # c  =    2.0063093463193478        1.7609301877929171       pxl
 # c_ =    1.2288998902872992E-002   2.8951383106660743E-003  pxl
 # f = 11_SRobj.pnm (         256 x         256 )
 # c  =    1.2493160159859069       -3.8336278525676466       pxl
 # c_ =   -3.2872438646488304E-002   3.8000284143187156E-003  pxl
 # f = 16_SRobj.pnm (         256 x         256 )
 # c  =    4.1879092918742478       -6.7670965628263406       pxl
 # c_ =    2.9965083222450513E-002  -5.7977593660117163E-002  pxl
 # f = 21_SRobj.pnm (         256 x         256 )
 # c  =   -1.4370458808926612       0.98767099218198995       pxl
 # c_ =   -9.6248582164033586E-004   7.4757285401364460E-003  pxl
 # f = 26_SRobj.pnm (         256 x         256 )
 # c  =   -2.9080911856118603       0.50304696618009126       pxl
 # c_ =   -9.5644661729234488E-003   2.2178115806015229E-002  pxl
 # f = 31_SRobj.pnm (         256 x         256 )
 # c  =  -0.79807810724728701        1.5500291660167882       pxl
 # c_ =   -2.2760484382186794E-002  -1.1567405661597609E-002  pxl
 # m_AO2 =            7
 # f = 01_SRobj.pnm (         256 x         256 )
 # f_node1 = input.22.node
 # f_face1 = input.22.face
 # f_node2 = sphere.1.node
 # f_face2 = sphere.1.face
 # unit1 =    76500.000000000000       m
 # unit2 =    15000.000000000000       m
 # pole_l_ =    195.63332303822017        195.63332303822017       deg
 # pole_b_ =    2.2330967813197264        2.2330967813197264       deg
 # phi0_ =    0.0000000000000000        0.0000000000000000       deg
 # P_rot =   0.17284167583333299       0.17284167583333299       d
 # Tmin =    2436258.0000000000        2436258.0000000000       d
 # R_body =    1.0000000000000000        1.0000000000000000       m
 # A_w =   0.50000000000000000       0.50000000000000000     
 # T_star =    5770.0000000000000       K
 # T_eq =    300.00000000000000       K
 # B0 =    0.0000000000000000     
 # minh =    0.0000000000000000     
 # ming =    0.0000000000000000     
 # bartheta =    0.0000000000000000       deg
 # use_shadowing =  T
 # use_scattering =  F
 # use_thermal =  F
 # debug_polygon =  T
 # Warning: pole_l_ will be overwritten by pole_l!
 # Warning: pole_b_ will be overwritten by pole_b!
 # Warning: phi0_ will be overwritten by phi0!
 # Warning: P_rot_ will be overwritten by P_rot!
 # Warning: R_body will be overwritten by R_star!
 # Warning: A_w will be overwritten by albedo!
 # Warning: B0 will be overwritten by scattering(1)!
 # Warning: minh will be overwritten by scattering(2)!
 # Warning: ming will be overwritten by scattering(3)!
 # Warning: bartheta will be overwritten by scattering(4)!
 scattering is Hapke
 
 # at stellar surface:
 T_star =    5770.0000000000000       K
 lambda_eff =    5.4499999999999997E-007  m
 Delta_eff =    8.4999999999999994E-008  m
 B_lambda =    25787426860835.297       W m^-2 sr^-1 m^-1
 Phi_lambda =    81013590780984.266       W m^-2 m^-1
 J_lambda =    3.9210455607474307E+031  W sr^-1 m^-1
 P_lambda =    4.9273311712139995E+032  W m^-1
 P_V =    4.1882314955318997E+025  W
 
 # at asteroid surface:
 lite =   -1.2349935000006732E-002  d
 d1 =    3.0616502515054984       au
 Phi_lambda =    186913172.83382621       W m^-2 m^-1
 Phi_V =    15.887619690875226       W m^-2
 reflectance =   0.997749984    
 f_L =    3.3314990407070089E-002  sr^-1
 A_w  =   0.41959260643609697     
 A_hL =   0.10466212911726583     
 A_gL =    6.9774752744843876E-002
 A_BL =   0.10466212911726583     
 alpha =    8.2824009269618344       deg
 
 T_eq =    300.00000000000000       K
 B_thermal =    1.5019127357874169E-023  W m^-2 sr^-1 m^-1
 Phi_thermal =    4.7183980170826971E-023  W m^-2 m^-1
 
 # at observer location:
 d2 =    2.1383249591269098       au
 omega =    9.7724119370397318E-024  sr
 Phi_nu_cal =    3.6554413170060464E-023  W m^-2 Hz^-1
 Phi_lambda_cal =    3.6894999999999997E-002  W m^-2 m^-1
 Phi_V_cal =    3.1360749999999994E-009  W m^-2
 
 hatu =  -0.14420589472251319       0.98954770472538589        0.0000000000000000     
 hatv =   0.20009659004421076        2.9159895637630787E-002  0.97934215427453231     
 hatw =   0.96910578090317812       0.14122691159663245      -0.20221015024206490     
 hatu =  -0.34698829562573941       0.86047848143941819      -0.37306287094598012     
 hatv =   0.15684777308790021       0.44541614304495480       0.88147787016596335     
 hatw =   0.92466096423289712       0.24734842327103876      -0.28951832192319027     
 Phi_V =    1.2192930749068206E-013  W m^-2
 V0 =    11.025695833011341       mag
 no =            1
 cpu_time =   0.21076600000000001       s
 # c  =    1.9019763433853945      -0.10688474252345276       pxl
 # c_ =    1.7243749694870223       0.46105491113804636       pxl
 # scl =    1.0462360261510427E-002
 # f = output.0001.syn.pnm (         256 x         256 )
 # f = output.0001.obs.pnm (         256 x         256 )
 # f = output.0001.res.pnm (         256 x         256 )
 # f = 06_SRobj.pnm (         256 x         256 )
 # at stellar surface:
 T_star =    5770.0000000000000       K
 lambda_eff =    5.4499999999999997E-007  m
 Delta_eff =    8.4999999999999994E-008  m
 B_lambda =    25787426860835.297       W m^-2 sr^-1 m^-1
 Phi_lambda =    81013590780984.266       W m^-2 m^-1
 J_lambda =    3.9210455607474307E+031  W sr^-1 m^-1
 P_lambda =    4.9273311712139995E+032  W m^-1
 P_V =    4.1882314955318997E+025  W
 
 # at asteroid surface:
 lite =   -1.2477467294631048E-002  d
 d1 =    3.0893741037489519       au
 Phi_lambda =    183573530.72576913       W m^-2 m^-1
 Phi_V =    15.603750111690376       W m^-2
 reflectance =   0.997749984    
 f_L =    3.3314990407070089E-002  sr^-1
 A_w  =   0.41959260643609697     
 A_hL =   0.10466212911726583     
 A_gL =    6.9774752744843876E-002
 A_BL =   0.10466212911726583     
 alpha =    8.4879758363642015       deg
 
 T_eq =    300.00000000000000       K
 B_thermal =    1.5019127357874169E-023  W m^-2 sr^-1 m^-1
 Phi_thermal =    4.7183980170826971E-023  W m^-2 m^-1
 
 # at observer location:
 d2 =    2.1604064914337400       au
 omega =    9.5736650475519811E-024  sr
 Phi_nu_cal =    3.6554413170060464E-023  W m^-2 Hz^-1
 Phi_lambda_cal =    3.6894999999999997E-002  W m^-2 m^-1
 Phi_V_cal =    3.1360749999999994E-009  W m^-2
 
 hatu =  -0.25376917143579070       0.96726480739701903        0.0000000000000000     
 hatv =   0.18114814264174894        4.7525572846010201E-002  0.98230681069770831     
 hatw =   0.95015080805429875       0.24927918544649152      -0.18727874854584234     
 hatu =  -0.22575514221511300       0.89379649465094291      -0.38750798948295379     
 hatv =   0.19083615921929206       0.43064478647554316       0.88211486112402782     
 hatw =   0.95530946614061307       0.12519142954340287      -0.26778896517783568     
 Phi_V =    1.1721653486061939E-013  W m^-2
 V0 =    11.068493904286873       mag
 no =            2
 cpu_time =   0.21821100000000015       s
 # c  =    1.4771786639190398        1.7173441921197659       pxl
 # c_ =   -1.7602774034751210        1.7770520229197322       pxl
 # scl =    1.0710817327545733E-002
 # f = output.0002.syn.pnm (         256 x         256 )
 # f = output.0002.obs.pnm (         256 x         256 )
 # f = output.0002.res.pnm (         256 x         256 )
 # f = 11_SRobj.pnm (         256 x         256 )
 # at stellar surface:
 T_star =    5770.0000000000000       K
 lambda_eff =    5.4499999999999997E-007  m
 Delta_eff =    8.4999999999999994E-008  m
 B_lambda =    25787426860835.297       W m^-2 sr^-1 m^-1
 Phi_lambda =    81013590780984.266       W m^-2 m^-1
 J_lambda =    3.9210455607474307E+031  W sr^-1 m^-1
 P_lambda =    4.9273311712139995E+032  W m^-1
 P_V =    4.1882314955318997E+025  W
 
 # at asteroid surface:
 lite =   -1.3097254124018368E-002  d
 d1 =    3.1000217636517031       au
 Phi_lambda =    182314654.57262406       W m^-2 m^-1
 Phi_V =    15.496745638673044       W m^-2
 reflectance =   0.997749984    
 f_L =    3.3314990407070089E-002  sr^-1
 A_w  =   0.41959260643609697     
 A_hL =   0.10466212911726583     
 A_gL =    6.9774752744843876E-002
 A_BL =   0.10466212911726583     
 alpha =    12.324917959131373       deg
 
 T_eq =    300.00000000000000       K
 B_thermal =    1.5019127357874169E-023  W m^-2 sr^-1 m^-1
 Phi_thermal =    4.7183980170826971E-023  W m^-2 m^-1
 
 # at observer location:
 d2 =    2.2677192543443399       au
 omega =    8.6890160792232953E-024  sr
 Phi_nu_cal =    3.6554413170060464E-023  W m^-2 Hz^-1
 Phi_lambda_cal =    3.6894999999999997E-002  W m^-2 m^-1
 Phi_V_cal =    3.1360749999999994E-009  W m^-2
 
 hatu =  -0.29727897522209762       0.95479066338695384        0.0000000000000000     
 hatv =   0.17238065328904847        5.3671601454606609E-002  0.98356711492858406     
 hatw =   0.93910069814825514       0.29239382398812463      -0.18054287698788138     
 hatu =  -0.18394434131671805       0.90182683411953779      -0.39098956579362854     
 hatv =   0.18744927643323020       0.42266102301161407       0.88669071743840544     
 hatw =   0.96489753241586085        8.9811028769897161E-002 -0.24679289100189966     
 Phi_V =    9.7135263904274365E-014  W m^-2
 V0 =    11.272523789896244       mag
 no =            3
 cpu_time =   0.20090699999999995       s
 # c  =    4.6523306250253613       -3.2782533598710004       pxl
 # c_ =    2.6733444789674450       0.67679612730779304       pxl
 # scl =    1.1556509708089127E-002
 # f = output.0003.syn.pnm (         256 x         256 )
 # f = output.0003.obs.pnm (         256 x         256 )
 # f = output.0003.res.pnm (         256 x         256 )
 # f = 16_SRobj.pnm (         256 x         256 )
 # at stellar surface:
 T_star =    5770.0000000000000       K
 lambda_eff =    5.4499999999999997E-007  m
 Delta_eff =    8.4999999999999994E-008  m
 B_lambda =    25787426860835.297       W m^-2 sr^-1 m^-1
 Phi_lambda =    81013590780984.266       W m^-2 m^-1
 J_lambda =    3.9210455607474307E+031  W sr^-1 m^-1
 P_lambda =    4.9273311712139995E+032  W m^-1
 P_V =    4.1882314955318997E+025  W
 
 # at asteroid surface:
 lite =   -1.3103742797124304E-002  d
 d1 =    3.1001115917271136       au
 Phi_lambda =    182304089.31599557       W m^-2 m^-1
 Phi_V =    15.495847591859622       W m^-2
 reflectance =   0.997749984    
 f_L =    3.3314990407070089E-002  sr^-1
 A_w  =   0.41959260643609697     
 A_hL =   0.10466212911726583     
 A_gL =    6.9774752744843876E-002
 A_BL =   0.10466212911726583     
 alpha =    12.356565459353023       deg
 
 T_eq =    300.00000000000000       K
 B_thermal =    1.5019127357874169E-023  W m^-2 sr^-1 m^-1
 Phi_thermal =    4.7183980170826971E-023  W m^-2 m^-1
 
 # at observer location:
 d2 =    2.2688427332658101       au
 omega =    8.6804130065386030E-024  sr
 Phi_nu_cal =    3.6554413170060464E-023  W m^-2 Hz^-1
 Phi_lambda_cal =    3.6894999999999997E-002  W m^-2 m^-1
 Phi_V_cal =    3.1360749999999994E-009  W m^-2
 
 hatu =  -0.29765020018857069       0.95467500141550987        0.0000000000000000     
 hatv =   0.17230288442165981        5.3720887176403227E-002  0.98357805094509720     
 hatw =   0.93899737717827514       0.29276220376489237      -0.18048328925150856     
 hatu =  -0.18363757077491949       0.90187945973716821      -0.39101238177848113     
 hatv =   0.18737109089327716       0.42259907708545763       0.88673676722237205     
 hatw =   0.96497114822016816        8.9573769322908989E-002 -0.24659120615288882     
 Phi_V =    9.6410432242342930E-014  W m^-2
 V0 =    11.280656026081942       mag
 no =            4
 cpu_time =   0.21702300000000019       s
 # c  =    4.4900856783637479       -4.5806667729207415       pxl
 # c_ =   0.36631288316911553        2.8221551952521455       pxl
 # scl =    1.1634091620370744E-002
 # f = output.0004.syn.pnm (         256 x         256 )
 # f = output.0004.obs.pnm (         256 x         256 )
 # f = output.0004.res.pnm (         256 x         256 )
 # f = 21_SRobj.pnm (         256 x         256 )
 # at stellar surface:
 T_star =    5770.0000000000000       K
 lambda_eff =    5.4499999999999997E-007  m
 Delta_eff =    8.4999999999999994E-008  m
 B_lambda =    25787426860835.297       W m^-2 sr^-1 m^-1
 Phi_lambda =    81013590780984.266       W m^-2 m^-1
 J_lambda =    3.9210455607474307E+031  W sr^-1 m^-1
 P_lambda =    4.9273311712139995E+032  W m^-1
 P_V =    4.1882314955318997E+025  W
 
 # at asteroid surface:
 lite =   -1.2533784867875989E-002  d
 d1 =    3.1770328166083579       au
 Phi_lambda =    173583189.04554105       W m^-2 m^-1
 Phi_V =    14.754571068870987       W m^-2
 reflectance =   0.997749984    
 f_L =    3.3314990407070089E-002  sr^-1
 A_w  =   0.41959260643609697     
 A_hL =   0.10466212911726583     
 A_gL =    6.9774752744843876E-002
 A_BL =   0.10466212911726583     
 alpha =    2.8236787570444388       deg
 
 T_eq =    300.00000000000000       K
 B_thermal =    1.5019127357874169E-023  W m^-2 sr^-1 m^-1
 Phi_thermal =    4.7183980170826971E-023  W m^-2 m^-1
 
 # at observer location:
 d2 =    2.1701575769663402       au
 omega =    9.4878243725720880E-024  sr
 Phi_nu_cal =    3.6554413170060464E-023  W m^-2 Hz^-1
 Phi_lambda_cal =    3.6894999999999997E-002  W m^-2 m^-1
 Phi_V_cal =    3.1360749999999994E-009  W m^-2
 
 hatu =  -0.99156704470538781       0.12959473698504687        0.0000000000000000     
 hatv =   -8.9617395984944795E-003  -6.8568877531837880E-002  0.99760613282867938     
 hatw =   0.12928450439860234       0.98919336490890419        6.9152033539205529E-002
 hatu =  -0.99444447784267398        9.6576405607670376E-002  -4.1870972858462564E-002
 hatv =   -5.1257823404942449E-002  -9.6858640770926929E-002  0.99397738367016986     
 hatw =    9.1939197451354177E-002  0.99060153522388161       0.10127083678971766     
 Phi_V =    9.2870965759370239E-014  W m^-2
 V0 =    11.321266196556415       mag
 no =            5
 cpu_time =   0.22837200000000024       s
 # c  =   -1.0845628458298260       0.94346067081998386       pxl
 # c_ =  -0.27449786991374403       0.31869993273680408       pxl
 # scl =    9.1193997556660144E-003
 # f = output.0005.syn.pnm (         256 x         256 )
 # f = output.0005.obs.pnm (         256 x         256 )
 # f = output.0005.res.pnm (         256 x         256 )
 # f = 26_SRobj.pnm (         256 x         256 )
 # at stellar surface:
 T_star =    5770.0000000000000       K
 lambda_eff =    5.4499999999999997E-007  m
 Delta_eff =    8.4999999999999994E-008  m
 B_lambda =    25787426860835.297       W m^-2 sr^-1 m^-1
 Phi_lambda =    81013590780984.266       W m^-2 m^-1
 J_lambda =    3.9210455607474307E+031  W sr^-1 m^-1
 P_lambda =    4.9273311712139995E+032  W m^-1
 P_V =    4.1882314955318997E+025  W
 
 # at asteroid surface:
 lite =   -1.2585410492761153E-002  d
 d1 =    3.1703911914907752       au
 Phi_lambda =    174311226.67372674       W m^-2 m^-1
 Phi_V =    14.816454267266771       W m^-2
 reflectance =   0.997749984    
 f_L =    3.3314990407070089E-002  sr^-1
 A_w  =   0.41959260643609697     
 A_hL =   0.10466212911726583     
 A_gL =    6.9774752744843876E-002
 A_BL =   0.10466212911726583     
 alpha =    4.9143577782545611       deg
 
 T_eq =    300.00000000000000       K
 B_thermal =    1.5019127357874169E-023  W m^-2 sr^-1 m^-1
 Phi_thermal =    4.7183980170826971E-023  W m^-2 m^-1
 
 # at observer location:
 d2 =    2.1790962768236599       au
 omega =    9.4101455003955423E-024  sr
 Phi_nu_cal =    3.6554413170060464E-023  W m^-2 Hz^-1
 Phi_lambda_cal =    3.6894999999999997E-002  W m^-2 m^-1
 Phi_V_cal =    3.1360749999999994E-009  W m^-2
 
 hatu =  -0.99683772824416550        7.9464102266440156E-002   0.0000000000000000     
 hatv =   -6.4170954348623903E-003  -8.0499277696059413E-002  0.99673401024375241     
 hatw =    7.9204573322448443E-002  0.99358206643507885        8.0754645831725494E-002
 hatu =  -0.98377040886634615       0.16462550253486652       -7.1373850632319366E-002
 hatv =   -8.9352092495679936E-002 -0.10451639141639690       0.99050114966714586     
 hatw =   0.15560201221573389       0.98080312389410607       0.11752976624658706     
 Phi_V =    8.4270614470653595E-014  W m^-2
 V0 =    11.426775699362899       mag
 no =            6
 cpu_time =   0.22117100000000001       s
 # c  =   -2.0215580178932302       0.26164845868690728       pxl
 # c_ =   0.95351878286166469       0.13258472234559240       pxl
 # scl =    1.0138062298528374E-002
 # f = output.0006.syn.pnm (         256 x         256 )
 # f = output.0006.obs.pnm (         256 x         256 )
 # f = output.0006.res.pnm (         256 x         256 )
 # f = 31_SRobj.pnm (         256 x         256 )
 # at stellar surface:
 T_star =    5770.0000000000000       K
 lambda_eff =    5.4499999999999997E-007  m
 Delta_eff =    8.4999999999999994E-008  m
 B_lambda =    25787426860835.297       W m^-2 sr^-1 m^-1
 Phi_lambda =    81013590780984.266       W m^-2 m^-1
 J_lambda =    3.9210455607474307E+031  W sr^-1 m^-1
 P_lambda =    4.9273311712139995E+032  W m^-1
 P_V =    4.1882314955318997E+025  W
 
 # at asteroid surface:
 lite =   -1.2865024417910121E-002  d
 d1 =    3.1659280300495105       au
 Phi_lambda =    174803042.98517957       W m^-2 m^-1
 Phi_V =    14.858258653740263       W m^-2
 reflectance =   0.997749984    
 f_L =    3.3314990407070089E-002  sr^-1
 A_w  =   0.41959260643609697     
 A_hL =   0.10466212911726583     
 A_gL =    6.9774752744843876E-002
 A_BL =   0.10466212911726583     
 alpha =    8.4488055784073879       deg
 
 T_eq =    300.00000000000000       K
 B_thermal =    1.5019127357874169E-023  W m^-2 sr^-1 m^-1
 Phi_thermal =    4.7183980170826971E-023  W m^-2 m^-1
 
 # at observer location:
 d2 =    2.2275099271841801       au
 omega =    9.0055424868442743E-024  sr
 Phi_nu_cal =    3.6554413170060464E-023  W m^-2 Hz^-1
 Phi_lambda_cal =    3.6894999999999997E-002  W m^-2 m^-1
 Phi_V_cal =    3.1360749999999994E-009  W m^-2
 
 hatu =  -0.99882020713574904        4.8561237806499541E-002   0.0000000000000000     
 hatv =   -4.2620535246273416E-003  -8.7663028715511057E-002  0.99614106847181871     
 hatw =    4.8373843314880434E-002  0.99496582834744829        8.7766575094527330E-002
 hatu =  -0.97572572791689072       0.20092503642579923       -8.7111615863471978E-002
 hatv =  -0.10991137665886692      -0.10524456796314528       0.98835371714543785     
 hatw =   0.18941698224289846       0.97393670772362939       0.12477378004393115     
 Phi_V =    8.1373088808285069E-014  W m^-2
 V0 =    11.464764097193857       mag
 no =            7
 cpu_time =   0.24682000000000048       s
 # c  =   -6.1319387841549194E-002  0.96943793681684942       pxl
 # c_ =   0.80666821139670264      -0.23339828351071418       pxl
 # scl =    1.1229011962805041E-002
 # f = output.0007.syn.pnm (         256 x         256 )
 # f = output.0007.obs.pnm (         256 x         256 )
 # f = output.0007.res.pnm (         256 x         256 )
# n values:            0        2520        4602        7122
# chi^2 values:    0.0000000000000000        32.464893367837284        24793714.177686054        24793746.642579421     
 # chi2_SKY  =    0.0000000000000000     
 # chi2_RV   =    0.0000000000000000     
 # chi2_TTV  =    0.0000000000000000     
 # chi2_ECL  =    0.0000000000000000     
 # chi2_VIS  =    0.0000000000000000     
 # chi2_CLO  =    0.0000000000000000     
 # chi2_T3   =    0.0000000000000000     
 # chi2_LC   =    0.0000000000000000     
 # chi2_SYN  =    0.0000000000000000     
 # chi2_SED  =    0.0000000000000000     
 # chi2_AO   =    32.464893367837284     
 # chi2_AO2  =    24793714.177686054     
 # chi2_SKY2 =    0.0000000000000000     
 # chi2_SKY3 =    0.0000000000000000     
 # chi2_OCC  =    0.0000000000000000     
 # chi2_MASS =    0.0000000000000000     
 # chi2 =    24793746.642579421     
 # lns =   -23210.057737380695     
 # n_fit =         7122
 # nparam =           58
 # nu =         7064
 # probp =    1.0000000000000000     
 # probq =    0.0000000000000000     
