 # hatu(1) hatu(2) hatu(3) id
 # hatv(1) hatv(2) hatv(3) id
 # hatw(1) hatw(2) hatw(3) id
 # au au au -
   0.0000000000000000        0.0000000000000000        0.0000000000000000                0
 -0.34698829562573946       0.86047848143941830      -0.37306287094598017                1
  0.15684777308790021       0.44541614304495480       0.88147787016596324                2
 -0.92466096423289712      -0.24734842327103876       0.28951832192319027                3


   0.0000000000000000        0.0000000000000000        0.0000000000000000                0
 -0.34698829562573946       0.86047848143941830      -0.37306287094598017                1
  0.15684777308790021       0.44541614304495480       0.88147787016596324                2
 -0.92466096423289712      -0.24734842327103876       0.28951832192319027                3


   0.0000000000000000        0.0000000000000000        0.0000000000000000                0
 -0.34698829562573946       0.86047848143941830      -0.37306287094598017                1
  0.15684777308790021       0.44541614304495480       0.88147787016596324                2
 -0.92466096423289712      -0.24734842327103876       0.28951832192319027                3


   0.0000000000000000        0.0000000000000000        0.0000000000000000                0
 -0.34697604701358487       0.86048263909223532      -0.37306467350807759                1
  0.15685384645545059       0.44541568547102783       0.88147702068091627                2
 -0.92466453033030127      -0.24733478315278751       0.28951858557233778                3


   0.0000000000000000        0.0000000000000000        0.0000000000000000                0
 -0.34697604701358487       0.86048263909223532      -0.37306467350807759                1
  0.15685384645545059       0.44541568547102783       0.88147702068091627                2
 -0.92466453033030127      -0.24733478315278751       0.28951858557233778                3


   0.0000000000000000        0.0000000000000000        0.0000000000000000                0
 -0.34697604701358487       0.86048263909223532      -0.37306467350807759                1
  0.15685384645545059       0.44541568547102783       0.88147702068091627                2
 -0.92466453033030127      -0.24733478315278751       0.28951858557233778                3


   0.0000000000000000        0.0000000000000000        0.0000000000000000                0
 -0.34696379213565565       0.86048679870491596      -0.37306647691987943                1
  0.15685992260241050       0.44541522742902101       0.88147617089489105                2
 -0.92466809809142403      -0.24732113623570243       0.28951884902898772                3


   0.0000000000000000        0.0000000000000000        0.0000000000000000                0
 -0.34696379213565565       0.86048679870491596      -0.37306647691987943                1
  0.15685992260241050       0.44541522742902101       0.88147617089489105                2
 -0.92466809809142403      -0.24732113623570243       0.28951884902898772                3


   0.0000000000000000        0.0000000000000000        0.0000000000000000                0
 -0.34696379213565565       0.86048679870491596      -0.37306647691987943                1
  0.15685992260241050       0.44541522742902101       0.88147617089489105                2
 -0.92466809809142403      -0.24732113623570243       0.28951884902898772                3


   0.0000000000000000        0.0000000000000000        0.0000000000000000                0
 -0.34695159142128629       0.86049093976720992      -0.37306827228910894                1
  0.15686597169915947       0.44541477121377104       0.88147532495666747                2
 -0.92467164990233985      -0.24730754974955360       0.28951911112007228                3


   0.0000000000000000        0.0000000000000000        0.0000000000000000                0
 -0.34695159142128629       0.86049093976720992      -0.37306827228910894                1
  0.15686597169915947       0.44541477121377104       0.88147532495666747                2
 -0.92467164990233985      -0.24730754974955360       0.28951911112007228                3


   0.0000000000000000        0.0000000000000000        0.0000000000000000                0
 -0.34695159142128629       0.86049093976720992      -0.37306827228910894                1
  0.15686597169915947       0.44541477121377104       0.88147532495666747                2
 -0.92467164990233985      -0.24730754974955360       0.28951911112007228                3


   0.0000000000000000        0.0000000000000000        0.0000000000000000                0
 -0.34693944357537598       0.86049506272087017      -0.37307005980728913                1
  0.15687199454289658       0.44541431682024868       0.88147448272748341                2
 -0.92467518611658539      -0.24729402217715835       0.28951937202146105                3


   0.0000000000000000        0.0000000000000000        0.0000000000000000                0
 -0.34693944357537598       0.86049506272087017      -0.37307005980728913                1
  0.15687199454289658       0.44541431682024868       0.88147448272748341                2
 -0.92467518611658539      -0.24729402217715835       0.28951937202146105                3


   0.0000000000000000        0.0000000000000000        0.0000000000000000                0
 -0.34693944357537598       0.86049506272087017      -0.37307005980728913                1
  0.15687199454289658       0.44541431682024868       0.88147448272748341                2
 -0.92467518611658539      -0.24729402217715835       0.28951937202146105                3


   0.0000000000000000        0.0000000000000000        0.0000000000000000                0
 -0.22575514221511306       0.89379649465094291      -0.38750798948295379                1
  0.19083615921929212       0.43064478647554316       0.88211486112402782                2
 -0.95530946614061307      -0.12519142954340287       0.26778896517783568                3


   0.0000000000000000        0.0000000000000000        0.0000000000000000                0
 -0.22575514221511306       0.89379649465094291      -0.38750798948295379                1
  0.19083615921929212       0.43064478647554316       0.88211486112402782                2
 -0.95530946614061307      -0.12519142954340287       0.26778896517783568                3


   0.0000000000000000        0.0000000000000000        0.0000000000000000                0
 -0.22575514221511306       0.89379649465094291      -0.38750798948295379                1
  0.19083615921929212       0.43064478647554316       0.88211486112402782                2
 -0.95530946614061307      -0.12519142954340287       0.26778896517783568                3


   0.0000000000000000        0.0000000000000000        0.0000000000000000                0
 -0.22574063178572637       0.89379957968385937      -0.38750932700767016                1
  0.19083687927764248       0.43064218657715142       0.88211597460176427                2
 -0.95531275123309833      -0.12517834675776079       0.26778336175804901                3


   0.0000000000000000        0.0000000000000000        0.0000000000000000                0
 -0.22574063178572637       0.89379957968385937      -0.38750932700767016                1
  0.19083687927764248       0.43064218657715142       0.88211597460176427                2
 -0.95531275123309833      -0.12517834675776079       0.26778336175804901                3


   0.0000000000000000        0.0000000000000000        0.0000000000000000                0
 -0.22574063178572637       0.89379957968385937      -0.38750932700767016                1
  0.19083687927764248       0.43064218657715142       0.88211597460176427                2
 -0.95531275123309833      -0.12517834675776079       0.26778336175804901                3


   0.0000000000000000        0.0000000000000000        0.0000000000000000                0
 -0.22572619413508532       0.89380264903605966      -0.38751065773396776                1
  0.19083759251475638       0.43063959930239781       0.88211708338283645                2
 -0.95531602025950635      -0.12516533101778926       0.26777778351974169                3


   0.0000000000000000        0.0000000000000000        0.0000000000000000                0
 -0.22572619413508532       0.89380264903605966      -0.38751065773396776                1
  0.19083759251475638       0.43063959930239781       0.88211708338283645                2
 -0.95531602025950635      -0.12516533101778926       0.26777778351974169                3


   0.0000000000000000        0.0000000000000000        0.0000000000000000                0
 -0.22572619413508532       0.89380264903605966      -0.38751065773396776                1
  0.19083759251475638       0.43063959930239781       0.88211708338283645                2
 -0.95531602025950635      -0.12516533101778926       0.26777778351974169                3


   0.0000000000000000        0.0000000000000000        0.0000000000000000                0
 -0.22571175303427121       0.89380571891481897      -0.38751198868855646                1
  0.19083830285421602       0.43063701101158286       0.88211819327725727                2
 -0.95531929045001429      -0.12515231353104747       0.26777220115595957                3


   0.0000000000000000        0.0000000000000000        0.0000000000000000                0
 -0.22571175303427121       0.89380571891481897      -0.38751198868855646                1
  0.19083830285421602       0.43063701101158286       0.88211819327725727                2
 -0.95531929045001429      -0.12515231353104747       0.26777220115595957                3


   0.0000000000000000        0.0000000000000000        0.0000000000000000                0
 -0.22571175303427121       0.89380571891481897      -0.38751198868855646                1
  0.19083830285421602       0.43063701101158286       0.88211819327725727                2
 -0.95531929045001429      -0.12515231353104747       0.26777220115595957                3


   0.0000000000000000        0.0000000000000000        0.0000000000000000                0
 -0.22569732513201574       0.89380878578117362      -0.38751331833710873                1
  0.19083900944772422       0.43063442468494939       0.88211930301364239                2
 -0.95532255804061528      -0.12513930931824271       0.26776662107530980                3


   0.0000000000000000        0.0000000000000000        0.0000000000000000                0
 -0.22569732513201574       0.89380878578117362      -0.38751331833710873                1
  0.19083900944772422       0.43063442468494939       0.88211930301364239                2
 -0.95532255804061528      -0.12513930931824271       0.26776662107530980                3


   0.0000000000000000        0.0000000000000000        0.0000000000000000                0
 -0.22569732513201574       0.89380878578117362      -0.38751331833710873                1
  0.19083900944772422       0.43063442468494939       0.88211930301364239                2
 -0.95532255804061528      -0.12513930931824271       0.26776662107530980                3


   0.0000000000000000        0.0000000000000000        0.0000000000000000                0
 -0.18394434131671811       0.90182683411953768      -0.39098956579362848                1
  0.18744927643323023       0.42266102301161407       0.88669071743840544                2
 -0.96489753241586085       -8.9811028769897161E-002  0.24679289100189966                3


   0.0000000000000000        0.0000000000000000        0.0000000000000000                0
 -0.18394434131671811       0.90182683411953768      -0.39098956579362848                1
  0.18744927643323023       0.42266102301161407       0.88669071743840544                2
 -0.96489753241586085       -8.9811028769897161E-002  0.24679289100189966                3


   0.0000000000000000        0.0000000000000000        0.0000000000000000                0
 -0.18394434131671811       0.90182683411953768      -0.39098956579362848                1
  0.18744927643323023       0.42266102301161407       0.88669071743840544                2
 -0.96489753241586085       -8.9811028769897161E-002  0.24679289100189966                3


   0.0000000000000000        0.0000000000000000        0.0000000000000000                0
 -0.18393409927008991       0.90182859258058912      -0.39099032817937363                1
  0.18744668719475263       0.42265895599699826       0.88669225009314245                2
 -0.96489998786683240       -8.9803098608238791E-002  0.24678617646648215                3


   0.0000000000000000        0.0000000000000000        0.0000000000000000                0
 -0.18393409927008991       0.90182859258058912      -0.39099032817937363                1
  0.18744668719475263       0.42265895599699826       0.88669225009314245                2
 -0.96489998786683240       -8.9803098608238791E-002  0.24678617646648215                3


   0.0000000000000000        0.0000000000000000        0.0000000000000000                0
 -0.18393409927008991       0.90182859258058912      -0.39099032817937363                1
  0.18744668719475263       0.42265895599699826       0.88669225009314245                2
 -0.96489998786683240       -8.9803098608238791E-002  0.24678617646648215                3


   0.0000000000000000        0.0000000000000000        0.0000000000000000                0
 -0.18392380716647050       0.90183035953385859      -0.39099109424694384                1
  0.18744408487890518       0.42265687889685033       0.88669379030479467                2
 -0.96490245527789020       -8.9795129846805710E-002  0.24677942875064462                3


   0.0000000000000000        0.0000000000000000        0.0000000000000000                0
 -0.18392380716647050       0.90183035953385859      -0.39099109424694384                1
  0.18744408487890518       0.42265687889685033       0.88669379030479467                2
 -0.96490245527789020       -8.9795129846805710E-002  0.24677942875064462                3


   0.0000000000000000        0.0000000000000000        0.0000000000000000                0
 -0.18392380716647050       0.90183035953385859      -0.39099109424694384                1
  0.18744408487890518       0.42265687889685033       0.88669379030479467                2
 -0.96490245527789020       -8.9795129846805710E-002  0.24677942875064462                3


   0.0000000000000000        0.0000000000000000        0.0000000000000000                0
 -0.18391356043350765       0.90183211859621237      -0.39099185689338545                1
  0.18744149349334885       0.42265481095869906       0.88669532382349303                2
 -0.96490491179475990       -8.9787196424286730E-002  0.24677271030771034                3


   0.0000000000000000        0.0000000000000000        0.0000000000000000                0
 -0.18391356043350765       0.90183211859621237      -0.39099185689338545                1
  0.18744149349334885       0.42265481095869906       0.88669532382349303                2
 -0.96490491179475990       -8.9787196424286730E-002  0.24677271030771034                3


   0.0000000000000000        0.0000000000000000        0.0000000000000000                0
 -0.18391356043350765       0.90183211859621237      -0.39099185689338545                1
  0.18744149349334885       0.42265481095869906       0.88669532382349303                2
 -0.96490491179475990       -8.9787196424286730E-002  0.24677271030771034                3


   0.0000000000000000        0.0000000000000000        0.0000000000000000                0
 -0.18390330252940829       0.90183387947472149      -0.39099262032722620                1
  0.18743889863600369       0.42265274076177112       0.88669685913771279                2
 -0.96490737099314294       -8.9779254608938527E-002  0.24676598397057181                3


   0.0000000000000000        0.0000000000000000        0.0000000000000000                0
 -0.18390330252940829       0.90183387947472149      -0.39099262032722620                1
  0.18743889863600369       0.42265274076177112       0.88669685913771279                2
 -0.96490737099314294       -8.9779254608938527E-002  0.24676598397057181                3


   0.0000000000000000        0.0000000000000000        0.0000000000000000                0
 -0.18390330252940829       0.90183387947472149      -0.39099262032722620                1
  0.18743889863600369       0.42265274076177112       0.88669685913771279                2
 -0.96490737099314294       -8.9779254608938527E-002  0.24676598397057181                3


   0.0000000000000000        0.0000000000000000        0.0000000000000000                0
 -0.18363757077491938       0.90187945973716799      -0.39101238177848108                1
  0.18737109089327719       0.42259907708545752       0.88673676722237182                2
 -0.96497114822016816       -8.9573769322908989E-002  0.24659120615288882                3


   0.0000000000000000        0.0000000000000000        0.0000000000000000                0
 -0.18363757077491938       0.90187945973716799      -0.39101238177848108                1
  0.18737109089327719       0.42259907708545752       0.88673676722237182                2
 -0.96497114822016816       -8.9573769322908989E-002  0.24659120615288882                3


   0.0000000000000000        0.0000000000000000        0.0000000000000000                0
 -0.18363757077491938       0.90187945973716799      -0.39101238177848108                1
  0.18737109089327719       0.42259907708545752       0.88673676722237182                2
 -0.96497114822016816       -8.9573769322908989E-002  0.24659120615288882                3


   0.0000000000000000        0.0000000000000000        0.0000000000000000                0
 -0.18362719917082332       0.90188123736778603      -0.39101315247524582                1
  0.18736840769508598       0.42259697993859996       0.88673833363883792                2
 -0.96497364291595400       -8.9565764836380207E-002  0.24658435117984956                3


   0.0000000000000000        0.0000000000000000        0.0000000000000000                0
 -0.18362719917082332       0.90188123736778603      -0.39101315247524582                1
  0.18736840769508598       0.42259697993859996       0.88673833363883792                2
 -0.96497364291595400       -8.9565764836380207E-002  0.24658435117984956                3


   0.0000000000000000        0.0000000000000000        0.0000000000000000                0
 -0.18362719917082332       0.90188123736778603      -0.39101315247524582                1
  0.18736840769508598       0.42259697993859996       0.88673833363883792                2
 -0.96497364291595400       -8.9565764836380207E-002  0.24658435117984956                3


   0.0000000000000000        0.0000000000000000        0.0000000000000000                0
 -0.18361684291570551       0.90188301226400769      -0.39101392198650536                1
  0.18736572480378813       0.42259488561330555       0.88673989862993563                2
 -0.96497613450614428       -8.9557773772448099E-002  0.24657750300970832                3


   0.0000000000000000        0.0000000000000000        0.0000000000000000                0
 -0.18361684291570551       0.90188301226400769      -0.39101392198650536                1
  0.18736572480378813       0.42259488561330555       0.88673989862993563                2
 -0.96497613450614428       -8.9557773772448099E-002  0.24657750300970832                3


   0.0000000000000000        0.0000000000000000        0.0000000000000000                0
 -0.18361684291570551       0.90188301226400769      -0.39101392198650536                1
  0.18736572480378813       0.42259488561330555       0.88673989862993563                2
 -0.96497613450614428       -8.9557773772448099E-002  0.24657750300970832                3


   0.0000000000000000        0.0000000000000000        0.0000000000000000                0
 -0.18360652674370501       0.90188478018762919      -0.39101468847477455                1
  0.18736304845006729       0.42259279909471836       0.88674145850342923                2
 -0.96497861707532717       -8.9549815294074686E-002  0.24657067783535450                3


   0.0000000000000000        0.0000000000000000        0.0000000000000000                0
 -0.18360652674370501       0.90188478018762919      -0.39101468847477455                1
  0.18736304845006729       0.42259279909471836       0.88674145850342923                2
 -0.96497861707532717       -8.9549815294074686E-002  0.24657067783535450                3


   0.0000000000000000        0.0000000000000000        0.0000000000000000                0
 -0.18360652674370501       0.90188478018762919      -0.39101468847477455                1
  0.18736304845006729       0.42259279909471836       0.88674145850342923                2
 -0.96497861707532717       -8.9549815294074686E-002  0.24657067783535450                3


   0.0000000000000000        0.0000000000000000        0.0000000000000000                0
 -0.18359623371293121       0.90188654404299640      -0.39101545319924047                1
  0.18736037423153734       0.42259071695512884       0.88674301582316861                2
 -0.96498109470302318       -8.9541876334656115E-002  0.24656386444129258                3


   0.0000000000000000        0.0000000000000000        0.0000000000000000                0
 -0.18359623371293121       0.90188654404299640      -0.39101545319924047                1
  0.18736037423153734       0.42259071695512884       0.88674301582316861                2
 -0.96498109470302318       -8.9541876334656115E-002  0.24656386444129258                3


   0.0000000000000000        0.0000000000000000        0.0000000000000000                0
 -0.18359623371293121       0.90188654404299640      -0.39101545319924047                1
  0.18736037423153734       0.42259071695512884       0.88674301582316861                2
 -0.96498109470302318       -8.9541876334656115E-002  0.24656386444129258                3


   0.0000000000000000        0.0000000000000000        0.0000000000000000                0
 -0.99444447784267398        9.6576405607670279E-002  -4.1870972858462530E-002           1
  -5.1257823404942400E-002  -9.6858640770926929E-002  0.99397738367016986                2
  -9.1939197451354177E-002 -0.99060153522388161      -0.10127083678971766                3


   0.0000000000000000        0.0000000000000000        0.0000000000000000                0
 -0.99444447784267398        9.6576405607670279E-002  -4.1870972858462530E-002           1
  -5.1257823404942400E-002  -9.6858640770926929E-002  0.99397738367016986                2
  -9.1939197451354177E-002 -0.99060153522388161      -0.10127083678971766                3


   0.0000000000000000        0.0000000000000000        0.0000000000000000                0
 -0.99444447784267398        9.6576405607670279E-002  -4.1870972858462530E-002           1
  -5.1257823404942400E-002  -9.6858640770926929E-002  0.99397738367016986                2
  -9.1939197451354177E-002 -0.99060153522388161      -0.10127083678971766                3


   0.0000000000000000        0.0000000000000000        0.0000000000000000                0
 -0.99444312106677357        9.6588165033801576E-002  -4.1876071190806510E-002           1
  -5.1264301666198712E-002  -9.6860587407558499E-002  0.99397685988243190                2
  -9.1950260128241951E-002 -0.99060019835575741      -0.10127386967961088                3


   0.0000000000000000        0.0000000000000000        0.0000000000000000                0
 -0.99444312106677357        9.6588165033801576E-002  -4.1876071190806510E-002           1
  -5.1264301666198712E-002  -9.6860587407558499E-002  0.99397685988243190                2
  -9.1950260128241951E-002 -0.99060019835575741      -0.10127386967961088                3


   0.0000000000000000        0.0000000000000000        0.0000000000000000                0
 -0.99444312106677357        9.6588165033801576E-002  -4.1876071190806510E-002           1
  -5.1264301666198712E-002  -9.6860587407558499E-002  0.99397685988243190                2
  -9.1950260128241951E-002 -0.99060019835575741      -0.10127386967961088                3


   0.0000000000000000        0.0000000000000000        0.0000000000000000                0
 -0.99444176649927352        9.6599903875297419E-002  -4.1881160598623755E-002           1
  -5.1270768577930614E-002  -9.6862529837836581E-002  0.99397633704371569                2
  -9.1961303444615755E-002 -0.99059886376105710      -0.10127689659576750                3


   0.0000000000000000        0.0000000000000000        0.0000000000000000                0
 -0.99444176649927352        9.6599903875297419E-002  -4.1881160598623755E-002           1
  -5.1270768577930614E-002  -9.6862529837836581E-002  0.99397633704371569                2
  -9.1961303444615755E-002 -0.99059886376105710      -0.10127689659576750                3


   0.0000000000000000        0.0000000000000000        0.0000000000000000                0
 -0.99444176649927352        9.6599903875297419E-002  -4.1881160598623755E-002           1
  -5.1270768577930614E-002  -9.6862529837836581E-002  0.99397633704371569                2
  -9.1961303444615755E-002 -0.99059886376105710      -0.10127689659576750                3


   0.0000000000000000        0.0000000000000000        0.0000000000000000                0
 -0.99444040984507398        9.6611659354722393E-002  -4.1886257219862097E-002           1
  -5.1277244649484070E-002  -9.6864474259151623E-002  0.99397581349228770                2
  -9.1972362415664449E-002 -0.99059752720427552      -0.10127992717442308                3


   0.0000000000000000        0.0000000000000000        0.0000000000000000                0
 -0.99444040984507398        9.6611659354722393E-002  -4.1886257219862097E-002           1
  -5.1277244649484070E-002  -9.6864474259151623E-002  0.99397581349228770                2
  -9.1972362415664449E-002 -0.99059752720427552      -0.10127992717442308                3


   0.0000000000000000        0.0000000000000000        0.0000000000000000                0
 -0.99444040984507398        9.6611659354722393E-002  -4.1886257219862097E-002           1
  -5.1277244649484070E-002  -9.6864474259151623E-002  0.99397581349228770                2
  -9.1972362415664449E-002 -0.99059752720427552      -0.10127992717442308                3


   0.0000000000000000        0.0000000000000000        0.0000000000000000                0
 -0.99443905651046571        9.6623384628780756E-002  -4.1891340745478581E-002           1
  -5.1283704086560550E-002  -9.6866413049582586E-002  0.99397529130158468                2
  -9.1983392967085048E-002 -0.99059619399924337      -0.10128294946572425                3


   0.0000000000000000        0.0000000000000000        0.0000000000000000                0
 -0.99443905651046571        9.6623384628780756E-002  -4.1891340745478581E-002           1
  -5.1283704086560550E-002  -9.6866413049582586E-002  0.99397529130158468                2
  -9.1983392967085048E-002 -0.99059619399924337      -0.10128294946572425                3


   0.0000000000000000        0.0000000000000000        0.0000000000000000                0
 -0.99443905651046571        9.6623384628780756E-002  -4.1891340745478581E-002           1
  -5.1283704086560550E-002  -9.6866413049582586E-002  0.99397529130158468                2
  -9.1983392967085048E-002 -0.99059619399924337      -0.10128294946572425                3


   0.0000000000000000        0.0000000000000000        0.0000000000000000                0
 -0.98377040886634615       0.16462550253486638       -7.1373850632319311E-002           1
  -8.9352092495679866E-002 -0.10451639141639692       0.99050114966714586                2
 -0.15560201221573389      -0.98080312389410607      -0.11752976624658706                3


   0.0000000000000000        0.0000000000000000        0.0000000000000000                0
 -0.98377040886634615       0.16462550253486638       -7.1373850632319311E-002           1
  -8.9352092495679866E-002 -0.10451639141639692       0.99050114966714586                2
 -0.15560201221573389      -0.98080312389410607      -0.11752976624658706                3


   0.0000000000000000        0.0000000000000000        0.0000000000000000                0
 -0.98377040886634615       0.16462550253486638       -7.1373850632319311E-002           1
  -8.9352092495679866E-002 -0.10451639141639692       0.99050114966714586                2
 -0.15560201221573389      -0.98080312389410607      -0.11752976624658706                3


   0.0000000000000000        0.0000000000000000        0.0000000000000000                0
 -0.98376815362942138       0.16463684659695779       -7.1378768882413068E-002           1
  -8.9358494642592531E-002 -0.10451690553266657       0.99050051786613691                2
 -0.15561259376981323      -0.98080116496692926      -0.11753210395353964                3


   0.0000000000000000        0.0000000000000000        0.0000000000000000                0
 -0.98376815362942138       0.16463684659695779       -7.1378768882413068E-002           1
  -8.9358494642592531E-002 -0.10451690553266657       0.99050051786613691                2
 -0.15561259376981323      -0.98080116496692926      -0.11753210395353964                3


   0.0000000000000000        0.0000000000000000        0.0000000000000000                0
 -0.98376815362942138       0.16463684659695779       -7.1378768882413068E-002           1
  -8.9358494642592531E-002 -0.10451690553266657       0.99050051786613691                2
 -0.15561259376981323      -0.98080116496692926      -0.11753210395353964                3


   0.0000000000000000        0.0000000000000000        0.0000000000000000                0
 -0.98376588869721560       0.16464823861444941       -7.1383707923705755E-002           1
  -8.9364923364503870E-002 -0.10451741844684932       0.99049988375227105                2
 -0.15562322033627871      -0.98079919798211779      -0.11753444826858428                3


   0.0000000000000000        0.0000000000000000        0.0000000000000000                0
 -0.98376588869721560       0.16464823861444941       -7.1383707923705755E-002           1
  -8.9364923364503870E-002 -0.10451741844684932       0.99049988375227105                2
 -0.15562322033627871      -0.98079919798211779      -0.11753444826858428                3


   0.0000000000000000        0.0000000000000000        0.0000000000000000                0
 -0.98376588869721560       0.16464823861444941       -7.1383707923705755E-002           1
  -8.9364923364503870E-002 -0.10451741844684932       0.99049988375227105                2
 -0.15562322033627871      -0.98079919798211779      -0.11753444826858428                3


   0.0000000000000000        0.0000000000000000        0.0000000000000000                0
 -0.98376362796745087       0.16465960868264062       -7.1388637448817377E-002           1
  -8.9371339210895337E-002 -0.10451792699845741       0.99049925121808990                2
 -0.15563382670862436      -0.98079723501059324      -0.11753678479354918                3


   0.0000000000000000        0.0000000000000000        0.0000000000000000                0
 -0.98376362796745087       0.16465960868264062       -7.1388637448817377E-002           1
  -8.9371339210895337E-002 -0.10451792699845741       0.99049925121808990                2
 -0.15563382670862436      -0.98079723501059324      -0.11753678479354918                3


   0.0000000000000000        0.0000000000000000        0.0000000000000000                0
 -0.98376362796745087       0.16465960868264062       -7.1388637448817377E-002           1
  -8.9371339210895337E-002 -0.10451792699845741       0.99049925121808990                2
 -0.15563382670862436      -0.98079723501059324      -0.11753678479354918                3


   0.0000000000000000        0.0000000000000000        0.0000000000000000                0
 -0.98376136879141418       0.16467097012618143       -7.1393563234687499E-002           1
  -8.9377749700374307E-002 -0.10451843178432080       0.99049861952243201                2
 -0.15564442531661804      -0.98079527375240172      -0.11753911626693114                3


   0.0000000000000000        0.0000000000000000        0.0000000000000000                0
 -0.98376136879141418       0.16467097012618143       -7.1393563234687499E-002           1
  -8.9377749700374307E-002 -0.10451843178432080       0.99049861952243201                2
 -0.15564442531661804      -0.98079527375240172      -0.11753911626693114                3


   0.0000000000000000        0.0000000000000000        0.0000000000000000                0
 -0.98376136879141418       0.16467097012618143       -7.1393563234687499E-002           1
  -8.9377749700374307E-002 -0.10451843178432080       0.99049861952243201                2
 -0.15564442531661804      -0.98079527375240172      -0.11753911626693114                3


   0.0000000000000000        0.0000000000000000        0.0000000000000000                0
 -0.97572572791689072       0.20092503642579915       -8.7111615863471950E-002           1
 -0.10991137665886688      -0.10524456796314530       0.98835371714543785                2
 -0.18941698224289846      -0.97393670772362939      -0.12477378004393115                3


   0.0000000000000000        0.0000000000000000        0.0000000000000000                0
 -0.97572572791689072       0.20092503642579915       -8.7111615863471950E-002           1
 -0.10991137665886688      -0.10524456796314530       0.98835371714543785                2
 -0.18941698224289846      -0.97393670772362939      -0.12477378004393115                3


   0.0000000000000000        0.0000000000000000        0.0000000000000000                0
 -0.97572572791689072       0.20092503642579915       -8.7111615863471950E-002           1
 -0.10991137665886688      -0.10524456796314530       0.98835371714543785                2
 -0.18941698224289846      -0.97393670772362939      -0.12477378004393115                3


   0.0000000000000000        0.0000000000000000        0.0000000000000000                0
 -0.97572344210643702       0.20093438011855735       -8.7115666847803114E-002           1
 -0.10991669020582634      -0.10524455552131852       0.98835312755478066                2
 -0.18942567338711699      -0.97393478139939704      -0.12477562198741414                3


   0.0000000000000000        0.0000000000000000        0.0000000000000000                0
 -0.97572344210643702       0.20093438011855735       -8.7115666847803114E-002           1
 -0.10991669020582634      -0.10524455552131852       0.98835312755478066                2
 -0.18942567338711699      -0.97393478139939704      -0.12477562198741414                3


   0.0000000000000000        0.0000000000000000        0.0000000000000000                0
 -0.97572344210643702       0.20093438011855735       -8.7115666847803114E-002           1
 -0.10991669020582634      -0.10524455552131852       0.98835312755478066                2
 -0.18942567338711699      -0.97393478139939704      -0.12477562198741414                3


   0.0000000000000000        0.0000000000000000        0.0000000000000000                0
 -0.97572115394393100       0.20094373296872040       -8.7119721802352931E-002           1
 -0.10992200837673843      -0.10524453991485008       0.98835253775792753                2
 -0.18943437338758778      -0.97393285343431513      -0.12477746263065642                3


   0.0000000000000000        0.0000000000000000        0.0000000000000000                0
 -0.97572115394393100       0.20094373296872040       -8.7119721802352931E-002           1
 -0.10992200837673843      -0.10524453991485008       0.98835253775792753                2
 -0.18943437338758778      -0.97393285343431513      -0.12477746263065642                3


   0.0000000000000000        0.0000000000000000        0.0000000000000000                0
 -0.97572115394393100       0.20094373296872040       -8.7119721802352931E-002           1
 -0.10992200837673843      -0.10524453991485008       0.98835253775792753                2
 -0.18943437338758778      -0.97393285343431513      -0.12477746263065642                3


   0.0000000000000000        0.0000000000000000        0.0000000000000000                0
 -0.97571888754415981       0.20095299641310430       -8.7123737994775241E-002           1
 -0.10992727514215786      -0.10524452138801332       0.98835195396054554                2
 -0.18944299055232333      -0.97393094413844505      -0.12477928265617426                3


   0.0000000000000000        0.0000000000000000        0.0000000000000000                0
 -0.97571888754415981       0.20095299641310430       -8.7123737994775241E-002           1
 -0.10992727514215786      -0.10524452138801332       0.98835195396054554                2
 -0.18944299055232333      -0.97393094413844505      -0.12477928265617426                3


   0.0000000000000000        0.0000000000000000        0.0000000000000000                0
 -0.97571888754415981       0.20095299641310430       -8.7123737994775241E-002           1
 -0.10992727514215786      -0.10524452138801332       0.98835195396054554                2
 -0.18944299055232333      -0.97393094413844505      -0.12477928265617426                3


   0.0000000000000000        0.0000000000000000        0.0000000000000000                0
 -0.97571661960631928       0.20096226569505601       -8.7127756718091517E-002           1
 -0.10993254464155283      -0.10524449969371544       0.98835137016794417                2
 -0.18945161348653172      -0.97392903388847030      -0.12478110071809967                3


   0.0000000000000000        0.0000000000000000        0.0000000000000000                0
 -0.97571661960631928       0.20096226569505601       -8.7127756718091517E-002           1
 -0.10993254464155283      -0.10524449969371544       0.98835137016794417                2
 -0.18945161348653172      -0.97392903388847030      -0.12478110071809967                3


   0.0000000000000000        0.0000000000000000        0.0000000000000000                0
 -0.97571661960631928       0.20096226569505601       -8.7127756718091517E-002           1
 -0.10993254464155283      -0.10524449969371544       0.98835137016794417                2
 -0.18945161348653172      -0.97392903388847030      -0.12478110071809967                3


